100
30.789156
7.566935
41.939038
-39.441270
-42.735175
-10.774212
36.388257
-47.693657
-3.079872
-42.313006
10.932572
-21.587150
-35.263510
-21.836951
19.740325
-25.431184
26.912609
-16.555029
45.704991
-38.067102
-15.585584
-16.730497
-27.918463
-7.303136
0.213915
10.681459
-8.066789
-19.356207
-36.907497
-41.249132
-37.460008
-33.808381
23.973010
-36.368567
4.958379
1.597896
-23.420153
-20.202900
31.888417
8.418174
-48.437301
19.610728
-48.802649
-20.245690
3.415235
-32.872402
3.208808
11.702436
-39.419709
41.193906
40.780079
-16.369869
-23.326701
-34.198206
31.314710
-8.430211
10.351850
-49.195944
-4.908695
47.439245
48.963369
4.057452
-8.354228
21.117969
-16.871464
1.064029
44.385999
-46.747828
18.334916
-0.981460
25.111385
-9.382143
-39.403579
-47.071187
-12.420349
46.825942
-3.755730
-28.104868
-12.799876
7.454585
25.992126
-44.853142
0.522779
-33.465703
44.270356
40.737871
43.963788
-7.605520
19.295400
-42.393123
13.046258
-9.070197
41.166162
48.970022
-24.539284
-26.785413